-20	-20
-20	-15
-20	-10
-20	-5
-20	0
-20	5
-20	10
-20	15
-20	20
-15	-20
-15	-15
-15	-10
-15	-5
-15	0
-15	5
-15	10
-15	15
-15	20
-10	-20
-10	-15
-10	-10
-10	-5
-10	0
-10	5
-10	10
-10	15
-10	20
-5	-20
-5	-15
-5	-10
-5	-5
-5	0
-5	5
-5	10
-5	15
-5	20
0	-20
0	-15
0	-10
0	-5
0	0
0	5
0	10
0	15
0	20
5	-20
5	-15
5	-10
5	-5
5	0
5	5
5	10
5	15
5	20
10	-20
10	-15
10	-10
10	-5
10	0
10	5
10	10
10	15
10	20
15	-20
15	-15
15	-10
15	-5
15	0
15	5
15	10
15	15
15	20
20	-20
20	-15
20	-10
20	-5
20	0
20	5
20	10
20	15
20	20
