206.317	250.552
104.195	222.16
-196.52	297.134
214.533	133.87
43.7807	-171.464
68.7771	199.444
-196.326	-114.587
109.602	-184.494
-135.26	221.565
158.5	58.5012
-230.117	-199.787
-24.16	-144.519
-198.675	26.1774
-72.9721	-99.6672
86.6938	32.3621
-161.2	-6.98923
-17.0855	242.995
-84.8296	86.3949
240.129	-170.297
-79.7354	-16.0903
-41.7605	289.042
-116.646	61.9133
-125.545	292.956
177.419	39.1951
214.522	35.9189
-202.304	284.405
136.132	73.5364
-160.114	237.456
-200.286	66.9143
-162.211	186.408
-200.724	-23.4108
-120.582	82.1908
-80.4158	94.5888
-131.414	-140.287
224.292	88.8504
143.623	-117.469
77.8922	-273.023
244.445	252.347
-280.067	121.864
-8.45773	234.455
-142.218	89.2386
218.86	293.914
-137.225	-241.253
231.37	-37.5112
125.661	-230.841
-151.104	224.937
45.7487	28.3149
7.12812	265.333
-177.096	175.714
-174.954	-252.805
-35.4357	268.669
-70.2733	-257.544
295.646	-125.829
294.804	-284.421
296.035	-13.6541
250.034	-146.183
-224.416	168.894
-152.269	-61.6405
227.641	-220.898
200.848	53.3019
-151.739	-250.255
-21.7608	194.01
78.0596	285.367
159.343	200.963
161.081	284.389
248.159	-174.355
253.058	-122.115
-131.898	248.704
52.0566	-137.095
264.283	48.0914
149.251	214.317
201.909	224.836
83.2115	-250.36
-136.805	10.8524
-171.258	-235.956
-235.846	-22.9973
-186.212	42.3934
-128.987	191.848
27.7607	-269.645
92.8113	-111.158
-285.256	40.9699
14.4873	267.802
218.855	182.589
216.506	-29.0881
-254.505	180.789
-280.997	194.746
95.1057	220.912
119.582	-121.683
270.552	282.777
189.17	-200.707
-253.179	253.324
76.2961	-139.391
-4.28272	247.309
-247.543	-276.522
277.664	145.269
-87.6801	292.408
-113.761	226.807
260.21	-194.906
109.396	176.716
76.0057	154.891
57.5044	95.0089
49.637	-147.39
15.9208	-130.781
30.9273	-13.5274
-148.004	-79.9031
85.7659	-101.183
-126.579	-137.938
59.4263	169.138
-190.629	111.884
192.616	-212.965
-42.8477	-195.064
-220.557	143.391
-268.257	-260.347
248.485	141.139
216.369	24.4903
-3.96968	-26.1265
-180.501	-254.333
126.484	135.42
-85.1138	-142.589
-178.107	66.8824
77.5078	207.658
265.699	250.929
-230.28	25.1257
120.067	-120.909
-162.991	12.6826
-33.8742	94.1615
117.618	45.5688
-62.4477	149.361
85.222	-113.963
-9.49927	1.59102
210.527	286.531
275.465	-269.974
-267.802	101.948
165.446	-52.9154
259.359	287.339
-286.033	36.867
194.997	279.666
-12.2044	264.718
4.79202	-192.138
-156.191	141.801
120.545	109.935
-64.0371	-61.8369
-144.497	173.515
-212.475	240.725
-240.448	78.0253
-57.6836	270.079
64.5563	-82.2191
-299.894	96.7547
-280.271	165.552
-256.161	279.088
152.891	-242.194
15.9553	47.8886
-262.527	-296.249
12.6064	42.2648
-188.387	156.415
-115.934	232.158
-33.6501	120.029
-129.679	121.853
-6.45587	-42.1546
62.5788	53.0963
-264.129	-295.105
23.1757	100.427
-77.3239	23.2815
-102.818	-57.5947
-111.166	-58.979
-78.5065	-258.275
-1.17258	237.449
89.6134	36.3002
241.2	-197.78
-221.435	-247.187
258.635	-37.369
284.97	-75.015
-217.34	-144.709
-253.162	76.2041
113.137	109.417
-170.7	149.007
114.312	152.476
-50.5658	-263.012
-124.242	146.616
-20.6063	64.5912
-212.363	200.887
106.316	86.4643
138.336	-104.07
-177.236	79.5357
-1.85066	-98.6706
132.348	-43.2156
163.96	117.319
181.769	246.62
272.61	228.608
22.8245	85.7464
38.0249	152.125
-65.2464	-147.663
4.60089	184.188
-110.674	180.358
30.8035	168.719
-55.0504	118.44
69.6066	-248.734
-95.0953	-92.0574
-52.8047	27.6692
287.478	245.345
228.999	119.827
-97.871	92.959
-62.8547	-216.102
39.5794	-90.2449
-287.494	-237.596
295.501	50.531
214.529	-69.745
202.868	-80.8704
-185.557	-207.806
-200.512	145.246
260.913	44.4377
-36.3133	30.5196
95.7034	168.591
238.462	-257.101
-103.739	225.941
288.243	-174.741
45.7672	-109.628
218.218	282.912
-25.7294	-42.2023
-107.332	-13.2233
20.2015	-111.831
-262.692	-65.2697
118.424	240.176
153.86	232.867
-267.63	253.348
78.1129	293.283
-2.21445	-258.2
23.8022	-206.511
210.391	-37.7355
-163.612	-193.348
-111.795	-175.369
-68.0892	233.972
15.0031	-149.871
216.885	289.274
107.927	-190.448
-23.9495	-171.872
-2.27861	13.3582
62.8585	-183.855
-46.4659	-83.2816
-250.988	-14.0964
-129.934	127.125
-20.8138	167.852
168.925	-297.012
261.341	79.3155
-34.747	-202.272
185.967	153.458
-77.6408	-182.122
87.4304	237.362
-31.993	4.31521
226.636	-224.066
113.868	-97.3134
-95.938	-188.411
216.045	266.921
-72.2656	-130.421
-116.361	-23.2536
155.483	53.7052
-196.129	-165.331
-78.443	272.796
-162.343	-117.102
52.1114	102.91
-19.3738	-61.9214
-43.6317	202.985
55.9565	-256.201
140.348	-276.036
48.1139	66.984
-200.103	-138.018
269.671	3.9593
-26.4295	185.715
-29.1202	201.305
-244.706	154.519
-121.949	210.777
-91.776	-18.0774
-254.554	129.781
-45.2815	-116.897
-287.321	-293.17
286.013	-6.69494
-55.0915	-57.6186
-103.709	-299.135
-13.8199	-263.362
-275.171	-265.706
103.622	-175.274
-103.724	73.2929
128.685	169.846
-40.9916	-200.435
71.1509	14.3027
254.084	249.202
-74.9204	-137.692
-68.8753	-29.4747
292.089	185.843
153.628	-295.232
192.673	139.641
-1.92731	-162.418
-217.977	194.363
-161.553	68.2028
231.002	-136.725
102.497	34.6239
-11.9989	298.772
-192.083	-183.314
168.618	66.9251
-83.7487	-60.2308
-218.772	-129.665
-111.029	6.30749
32.6428	120.096
276.833	24.7316
5.93928	130.461
29.4992	-101.388
-29.8978	-272.428
36.1941	52.1249
221.935	174.641
-179.672	152.937
-262.084	222.825
-112.439	25.9171
221.597	-4.52272
142.603	90.2153
-237.598	-241.145
-270.015	-156.37
-70.8103	-81.0441
149.938	261.832
-260.948	126.771
-13.436	44.9912
-42.7685	-283.937
243.604	227.334
-256.365	-20.2023
-20.5414	265.57
-145.562	99.7864
118.507	-107.646
22.6109	-293.933
218.271	-55.7922
1.54469	60.8748
-265.577	63.9471
119.729	-235.592
207.577	-251.081
-16.6366	57.5151
-289.248	22.4153
-115.714	-2.68433
-232.593	141.517
13.3789	-288.99
68.8508	57.014
-9.19217	-251.691
22.5843	145.246
148.096	-158.909
-262.399	-129.293
-152.841	255.872
114.914	148.703
16.7469	149.338
-87.3497	-163.524
213.745	-179.772
-114.604	-102.892
177.743	-103.853
219.524	-237.972
193.463	286.93
203.546	-93.1582
297.94	-27.6036
263.856	-11.2517
20.7059	-13.5599
-166.005	-131.198
127.531	-128.405
39.5085	274.69
-172.533	-145.577
123.393	144.214
-296.239	-263.957
280.691	217.506
-143.729	-133.914
-185.386	-265.986
62.2334	-265.862
-203.958	-44.3037
-278.932	299.588
162.538	-280.991
-28.0156	126.394
7.75686	292.69
-187.166	141.751
-138.508	240.365
-286.653	201.001
215.055	-159.186
-244.576	38.4482
285.028	-240.816
74.4916	265.719
276.69	230.763
-168.195	-208.696
264.777	194.038
-174.558	-239.181
-150.266	-153.49
-239.593	-287.727
-134.482	32.3914
138.667	173.275
25.0817	251.501
15.0264	186.574
191.866	28.373
87.5744	106.921
169.187	142.998
-154.631	154.215
202.182	219.861
119.933	178.872
150.624	251.738
270.175	115.4
145.776	-204.383
176.219	295.511
-57.8734	236.626
-292.217	107.645
-30.9826	146.45
-19.0802	294.099
97.9505	295.946
180.673	-10.1835
24.3192	-31.7526
-203.262	-106.494
-188.755	-57.8931
-252.279	-286.573
-138.032	167.654
192.299	-287.409
119.392	162.475
127.992	-34.832
258.092	4.21062
-39.3213	-99.7816
-59.1633	-31.538
-292.137	209.854
-185.088	-11.217
203.953	212.862
-15.2707	84.6262
-97.3212	-290.952
-247.126	-0.583577
-97.4456	-135.881
241.523	-49.725
-122.454	-196.509
-182.071	-230.154
-183.918	237.321
232.32	244.074
-97.5112	190.412
-51.7154	163.167
-209.369	189.121
-168.371	-201.506
98.9753	-53.4587
87.2769	2.92856
-140.596	-227.994
-212.445	62.0824
-218.945	-159.572
-238.501	-16.3909
4.54726	-296.978
233.884	182.094
-193.487	-248.187
251.939	-77.4043
289.134	184.26
-133.33	-108.378
74.6722	114.954
-245.21	165.303
4.07552	-113.581
263.797	-196.949
132.961	51.0735
105.979	292.364
123.08	193.534
54.4467	204.134
-266.038	115.946
-112.257	38.5097
118.968	-178.373
-79.3966	225.481
-126.56	-127.457
-151.923	-137.426
-243.197	14.7464
54.1965	131.475
-170.299	108.986
-3.22229	133.776
295.406	-39.4256
236.827	128.366
-288.352	42.8065
120.731	134.728
-63.6593	-124.823
38.8618	-29.6968
291.123	226.605
-291.187	110.09
-251.767	-70.5837
35.5714	-78.327
101.959	183.648
84.2471	158.762
-101.605	-161.556
-9.76318	28.0954
247.43	287.015
-138.128	242.836
-52.4111	-201.301
71.2022	-40.7633
141.505	-108.067
-206.036	-222.154
67.1099	132.826
48.1491	58.2327
59.4313	56.962
-131.677	107.664
286.378	203.895
-270.663	88.3375
87.5427	113.584
-52.9006	285.937
252.028	237.336
14.0327	199.458
224.351	175.904
142.293	-128.06
274.603	-86.5044
131.176	116.108
105.428	225.141
193.954	-127.462
57.9668	-57.8968
230.771	-182.602
299.065	-200.906
225.062	285.444
