-67.8767	84.7415
86.8882	-174.533
40.8109	54.3205
177.273	-168.654
95.9072	39.2093
9.95889	-116.957
-74.7209	-199.901
158.771	-21.8657
-146.878	-193.638
-107.822	145.125
-30.7587	4.74891
9.84901	-117.857
11.2005	-129.496
-88.634	-103.74
78.9031	-175.095
-25.2823	-188.974
109.647	-138.394
-163.507	-49.5425
115.926	-186.233
-18.1962	11.8336
52.9758	191.763
94.8766	178.255
191.862	53.6479
-43.6108	-155.016
60.0102	48.5675
190.109	-170.748
-146.684	-0.0418625
-88.6057	64.5169
70.4626	22.7603
160.777	-50.6343
47.6654	-64.505
-39.6079	-42.688
-2.89903	-3.11468
107.77	-86.9726
10.6518	-110.427
124.861	-136.372
-118.664	19.7376
-158.118	-126.802
-126.614	-1.72832
-81.8181	133.396
-153.161	-91.709
162.647	-99.8443
108.249	-125.959
164.673	-21.2882
96.8017	125.45
128.077	-55.5329
-139.055	-111.53
101.779	58.0459
85.3549	9.5487
171.073	-103.993
99.122	95.9343
-40.3656	180.458
-84.328	1.51689
-146.344	-10.9425
199.789	-28.1619
-77.5468	-153.372
80.1291	-114.9
-53.2165	-11.6218
-40.8581	-88.5439
167.09	-144.056
-163.094	95.1675
0.410722	-102.149
183.637	-97.8101
155.897	68.9921
111.739	126.97
164.999	10.8606
22.9045	-75.3668
-8.68131	138.576
126.15	44.9748
-72.3661	125.939
-183.187	50.0871
172.567	96.942
135.187	-80.65
-114.68	-105.671
30.806	-147.59
-49.7271	67.712
147.578	150.684
165.563	131.215
-147.126	121.46
0.206947	164.612
48.4298	-34.7942
-24.5273	-128.666
89.839	166.791
-190.089	15.9892
11.7662	-62.4554
-58.0721	28.5792
187.632	-85.5056
-74.4789	122.819
33.8443	10.8414
-182.852	-135.35
63.2516	-32.5786
132.362	10.8294
-81.8949	97.9253
-57.9558	-29.0214
19.3849	142.251
-64.4093	-132.185
-92.543	111.063
-60.851	197.296
77.8548	-50.9403
13.2852	-110.379
