-35	-35
-35	-30
-35	-25
-35	-20
-35	-15
-35	-10
-35	-5
-35	0
-35	5
-35	10
-35	15
-35	20
-35	25
-35	30
-35	35
-30	-35
-30	-30
-30	-25
-30	-20
-30	-15
-30	-10
-30	-5
-30	0
-30	5
-30	10
-30	15
-30	20
-30	25
-30	30
-30	35
-25	-35
-25	-30
-25	-25
-25	-20
-25	-15
-25	-10
-25	-5
-25	0
-25	5
-25	10
-25	15
-25	20
-25	25
-25	30
-25	35
-20	-35
-20	-30
-20	-25
-20	-20
-20	-15
-20	-10
-20	-5
-20	0
-20	5
-20	10
-20	15
-20	20
-20	25
-20	30
-20	35
-15	-35
-15	-30
-15	-25
-15	-20
-15	-15
-15	-10
-15	-5
-15	0
-15	5
-15	10
-15	15
-15	20
-15	25
-15	30
-15	35
-10	-35
-10	-30
-10	-25
-10	-20
-10	-15
-10	-10
-10	-5
-10	0
-10	5
-10	10
-10	15
-10	20
-10	25
-10	30
-10	35
-5	-35
-5	-30
-5	-25
-5	-20
-5	-15
-5	-10
-5	-5
-5	0
-5	5
-5	10
-5	15
-5	20
-5	25
-5	30
-5	35
0	-35
0	-30
0	-25
0	-20
0	-15
0	-10
0	-5
0	0
0	5
0	10
0	15
0	20
0	25
0	30
0	35
5	-35
5	-30
5	-25
5	-20
5	-15
5	-10
5	-5
5	0
5	5
5	10
5	15
5	20
5	25
5	30
5	35
10	-35
10	-30
10	-25
10	-20
10	-15
10	-10
10	-5
10	0
10	5
10	10
10	15
10	20
10	25
10	30
10	35
15	-35
15	-30
15	-25
15	-20
15	-15
15	-10
15	-5
15	0
15	5
15	10
15	15
15	20
15	25
15	30
15	35
20	-35
20	-30
20	-25
20	-20
20	-15
20	-10
20	-5
20	0
20	5
20	10
20	15
20	20
20	25
20	30
20	35
25	-35
25	-30
25	-25
25	-20
25	-15
25	-10
25	-5
25	0
25	5
25	10
25	15
25	20
25	25
25	30
25	35
30	-35
30	-30
30	-25
30	-20
30	-15
30	-10
30	-5
30	0
30	5
30	10
30	15
30	20
30	25
30	30
30	35
35	-35
35	-30
35	-25
35	-20
35	-15
35	-10
35	-5
35	0
35	5
35	10
35	15
35	20
35	25
35	30
35	35
